204
9692 17
991 12574 90107 94674 59362 89000 4046 53196 17138 49181 6893 38246 70740 10196 45235 44492 95232
4255 20
81866 86820 56287 86341 72649 86205 43634 64636 77860 30433 96564 4701 67242 99761 82795 26711 80831 49819 63616 36939
1401 20
21662 36831 18325 32087 99567 40839 88283 25313 59882 89744 35776 650 63603 33765 10209 4430 85309 63672 77727 41249
5006 20
54408 54828 50106 68314 43268 21514 30427 91079 53649 6050 25614 12938 18289 57867 64415 76702 46101 95257 35815 39830
8408 19
9756 16222 31076 23569 13455 63077 27938 35896 40222 47632 3312 82975 23584 5279 4098 69966 37821 22006 46750
54 16
67037 84312 25896 13920 66803 72890 42403 52778 1443 50638 97254 81349 16396 49211 24468 30585
9806 20
3034 7833 27565 5897 66069 66792 23799 91531 48636 63040 51194 25166 32539 75753 17347 90405 26491 45685 5999 49240
2560 19
47035 50332 87694 47585 42077 98687 34286 9355 3919 90653 30532 46678 23625 36243 53012 57157 54891 12033 61536
5057 18
98302 35107 51615 26128 52320 92737 91836 37004 20724 27485 37723 10394 30101 56288 69573 56493 54671 27927
9732 19
34279 70399 68587 25547 45457 46395 59657 91031 14832 27469 30621 23745 16150 21619 5122 97489 97694 23923 50564
661 20
48941 87312 32402 83190 46618 77606 50977 25973 15297 26557 49350 31489 55860 41272 44823 15973 86001 9112 5110 66405
7197 19
33752 79354 40527 45087 9789 70548 60373 57881 37221 35493 57825 50884 22905 29183 47711 32052 85002 23852 17486
8884 18
90230 59177 63572 26684 3550 11645 36919 20310 67226 96767 42053 82713 22326 12151 6991 55880 94654 68993
8728 19
71936 35203 33260 69082 65433 50050 87702 32405 56671 10134 74374 73194 74978 35881 72584 47730 18116 81479 15654
1561 18
30326 71237 38789 92091 25619 18027 58267 92126 9880 16710 37006 87458 53032 16984 90433 5669 37612 27889
6008 20
29920 45867 5250 34661 11410 84551 87851 79165 43410 24401 60417 96729 54791 36282 49132 29348 34879 80558 14507 65795
2631 20
28844 95646 53154 27196 41551 48846 91910 65968 46628 98470 51443 72913 92325 86463 39248 49839 63405 11334 72613 30747
1962 19
37278 84765 44428 96281 62671 73818 2502 30483 58664 29826 89879 68175 82765 51671 10878 78135 69742 96098 73637
7219 17
30095 80035 10232 61498 83244 65577 8046 79025 99905 6933 52610 56374 81402 95844 76261 46688 10771
5065 19
32542 28614 40458 9950 71471 311 6870 20130 3096 69453 75917 99038 63892 77520 71880 28703 62380 89812 99758
2666 17
33667 60452 55114 24085 95190 18220 76598 26796 86730 77976 53405 78768 88819 25484 4386 15898 29143
8806 19
53684 68367 62452 16845 75719 72171 58071 37049 39730 38700 78327 2698 15056 26433 29987 4637 4935 22017 40312
1551 19
57630 56068 37223 9404 57225 8504 4790 2684 97317 68416 88606 44066 60973 97265 34746 12481 51535 41567 21609
3169 20
81404 68833 21488 88523 47381 91815 27517 50325 39686 21040 45464 14258 55535 32833 61712 27591 28600 83548 51699 97013
8839 19
73517 13780 93992 11548 81713 62467 17418 61444 25692 80409 4964 15830 66404 30601 79479 48420 24954 25978 76776
976 20
25452 69105 89648 84913 20915 2565 61575 79713 78129 70061 27399 92649 96395 40726 7768 3121 3485 61758 1581 84408
165 19
70232 77458 56855 28355 37089 6338 82111 76135 81958 78600 57068 71402 78531 77356 91426 51720 33518 88798 29967
2054 20
92636 91659 1710 6185 27668 44097 85047 64013 64706 45711 15150 57039 78222 78287 80293 59767 94677 2201 93387 38213
532 18
40565 28371 79778 41915 91636 22798 86400 83846 44285 89500 4761 50729 92286 75534 9513 78986 55620 67734
1008 18
57938 78515 46188 13092 96445 51508 27054 27777 31576 49419 78428 2818 65480 52669 95842 84098 56557 16964
5239 20
96215 93034 98401 60165 84253 40472 78457 72887 31060 60645 77807 77922 77815 48604 85295 32705 84030 20909 84346 99630
5036 20
31959 9900 45519 77929 13644 18083 92696 39903 29604 46328 30645 579 40914 39032 53126 58639 85664 13524 52674 35359
8591 18
31632 10379 50910 84079 55863 31112 79328 4367 30074 78446 94483 64419 92938 60267 60237 2595 49613 58214
8407 17
73812 1674 32342 71975 35536 24530 49023 13322 58976 61032 43528 53003 90837 553 71533 36215 29682
5003 10
17526 31104 25332 83186 64002 29901 80586 22741 97303 76284
333 20
14167 66077 85210 54340 26728 17375 65703 77281 16094 98009 629 56452 42018 2253 22979 83552 28898 66274 43130 56312
8924 20
12031 37607 75238 70709 11531 35164 63884 4045 74346 94983 39946 96539 82408 19112 35280 43711 36417 18916 60589 3317
5294 20
87435 95852 78911 93228 78899 16698 77661 80627 98765 42723 24523 35912 28350 22848 93883 99504 14456 48438 22139 48322
2995 18
21413 74081 1247 34544 52146 43436 9318 19261 18246 57138 63121 30202 52134 19577 30414 5441 84242 5274
1340 18
48422 30989 2184 79385 26338 29399 66307 7179 83278 2239 7227 11220 46563 56105 9369 18235 42587 70815
9221 19
76388 57012 19985 67088 26344 74554 24514 70487 25306 52725 29873 90500 83297 88825 86722 93774 8245 88738 84026
9045 18
13713 20061 78045 81167 86487 43068 19468 62787 19059 21167 54030 45335 21723 37302 69232 78288 82414 41506
6185 19
43886 10957 64503 26521 88182 94908 13777 85140 80553 39140 75533 1550 81670 50605 47875 53631 4259 92901 49168
6528 18
25347 50675 47273 75647 95983 19149 26612 13492 15264 66048 94286 7474 56565 44540 89483 8991 31839 52222
9530 19
78919 59229 30646 46332 27657 65930 70247 94433 71577 72234 84206 5518 83438 3263 71665 3782 91234 8645 18334
6352 18
42358 31336 45271 49638 61506 34590 27570 65044 40118 66726 43860 95531 23511 38972 64329 42176 77842 3993
3120 20
63599 45779 89957 86000 70284 807 99902 3756 72215 41195 54200 92494 80761 74725 82105 81665 75149 16260 95577 85769
1265 15
43649 23903 16146 68475 74434 86827 6345 12384 40536 15495 63830 72999 24675 19613 62157
5971 19
29132 22135 38344 22971 30555 74513 36326 83747 37400 48281 66882 70249 29902 46878 26586 59170 89985 17058 33269
9847 20
40102 53569 49572 25360 83320 76930 96190 11764 81346 98774 83562 67470 90236 51583 34886 42249 31148 86436 37905 85170
4073 17
2359 68855 46024 27061 80978 27832 28100 15207 74354 54761 55069 15461 10082 63376 53563 26997 42866
2392 19
5874 45798 19690 38070 61950 20247 49985 24706 62322 50451 49173 27503 13110 61279 42608 9482 48016 60584 95757
7874 17
59671 80391 45742 30154 29032 88927 88206 4589 66548 20886 24224 70627 95943 7841 77996 43227 96421
7040 20
61395 10448 63916 26840 81695 18632 20104 6429 68762 52031 40241 9114 51633 12011 19113 15896 95228 40704 36601 80914
4388 17
34052 5537 1073 82696 50184 91380 12450 84944 66454 12154 59041 65184 36024 34992 81015 46182 57524
2611 19
20379 72537 29310 97483 2013 85641 57813 30014 35787 52184 29626 42207 20784 75980 71017 46689 55573 2252 70329
803 19
53927 70093 90712 81940 38793 16274 97193 67839 50810 13551 64953 46309 87528 62986 31818 28304 80392 39931 8554
3490 17
36562 47025 28515 28574 9042 63597 26325 38819 90057 9197 523 53819 16656 25948 73667 42799 26137
6112 19
21317 87586 57834 95722 96465 1051 40142 54018 78666 6901 47382 13248 31668 61716 27539 86659 95625 93072 71160
3130 18
88641 56914 23567 26726 74193 74557 21113 79652 92289 51923 61595 31519 1414 82904 71423 16468 33482 59713
6370 20
33734 88380 46583 427 32239 37690 34253 18097 91160 32566 93433 94898 93870 3501 84683 48312 43840 60385 40362 25601
836 19
79309 88896 58737 32937 65475 11472 43994 48816 46794 21077 33905 95451 26497 23010 65888 42037 33446 66978 56437
2103 17
94707 52305 10579 25083 98670 52840 19124 11028 14424 37862 6743 32613 82672 52599 61578 29044 82318
3092 19
27169 56358 18211 77378 41758 28130 30594 53688 43220 52121 52667 31908 30153 97590 45266 68998 61478 76547 85027
7901 19
10970 29395 83517 26579 58602 29644 57830 51089 57998 2992 46423 83308 99186 18318 80845 88339 16893 72008 88594
9359 19
50397 81348 72169 3917 73996 8847 63696 27446 76616 35104 89808 13330 82061 64099 1087 25878 16230 34050 68912
9636 19
66300 13836 94382 22875 97065 45399 81091 8473 11817 26596 14039 3261 85429 52435 74739 7273 4076 27211 77358
1766 19
53596 67168 24458 81273 52409 79777 72289 74387 61094 77826 69757 50775 13224 75892 6660 93776 75696 12421 554
2044 20
29958 39554 69029 71861 27066 89068 25945 63471 64546 92294 79761 7230 69976 59429 90947 34336 2766 73699 63723 84863
6910 20
1819 1461 29866 84035 24360 92039 34096 77514 68231 29904 15916 59656 83844 15432 42546 74100 30148 79901 72794 10629
1812 20
90159 89310 81393 52135 40192 89741 97811 38890 66766 85113 78702 53322 87752 86931 87679 65584 26813 54479 78892 52496
7815 19
29279 83165 82861 56576 21168 9755 79735 5927 47844 48124 13176 90719 6691 43089 65395 99502 35113 90067 69558
6886 11
18228 31876 27227 34128 73537 58564 5969 63331 98641 9162 96184
7833 20
48921 80729 81100 15040 75439 28263 13413 27970 6455 13335 25955 76171 17284 55296 951 65603 77924 82706 28929 96292
5934 12
43197 2096 25573 93200 83879 83038 784 70280 20981 42818 10181 61008
5928 20
6437 89184 42070 6800 73704 58680 98020 16327 30727 58003 9901 70381 92971 71629 93169 46283 2104 82890 89660 48786
1356 20
83283 52190 15920 73445 49706 77787 89796 40507 56979 61543 74453 1718 98328 70779 66975 63860 57786 7850 74656 13975
6141 18
53885 94993 38111 75205 13895 53624 57400 17779 91077 15322 82967 14509 88688 75195 11291 50634 38641 48360
3749 16
40071 34952 6135 5157 80760 33851 53713 99459 99171 20994 70919 1725 68045 52300 64239 85040
7668 18
32857 78534 93229 8053 36925 67900 51435 85338 98104 77890 77543 72876 13007 59940 14518 21284 62646 13360
9386 13
37279 13613 41193 41539 88092 12559 26066 32870 93735 69034 4288 24106 60607
4630 20
91356 7100 57171 43959 69243 368 84719 84525 66660 28823 79817 94786 7177 82768 29479 48216 47610 72945 54033 67946
7709 19
99195 24499 28069 69407 9816 71892 58854 6194 78733 23021 56021 67654 91415 53259 88615 70512 80735 37972 17174
5379 14
2764 75619 89115 81143 88736 23465 94105 76487 64056 31790 7914 44426 64738 53520
3899 18
77763 94267 65256 57756 51086 501 14286 3164 37706 34694 31861 61790 39555 53892 62006 96065 26833 87204
6991 18
39427 36109 27179 49014 99384 40849 25107 81265 74367 1984 37168 27383 8839 64979 94663 71212 43937 18473
7330 19
64336 99326 62727 36096 62179 2640 28662 43214 1405 1190 50827 67048 73596 7272 46124 98435 93978 49032 82553
2664 19
52093 54995 84514 69525 70202 65434 57718 47150 73448 47589 80596 57976 96111 31295 73485 91693 60287 30059 39531
7541 18
5324 19940 11479 13215 20145 52966 36106 83579 90316 38348 67202 86275 83095 39512 93685 89555 9812 36777
408 20
94197 31129 34200 2194 25439 65595 69455 54593 13037 95036 16803 62757 79566 69269 42226 45051 47022 68646 79586 70901
1141 17
76387 92514 22460 90440 36138 46144 22369 75236 61271 83684 14213 3452 20032 22551 97348 27304 17484
2926 15
54429 40328 65807 38518 73405 71063 64459 40243 766 79790 1535 3508 43807 58374 28810
2055 20
5499 59987 65188 91863 41799 41440 47421 97431 62518 88144 18570 55571 47379 77093 61117 92375 30771 93835 31848 57445
2791 13
45527 3902 94423 9113 59542 90458 35754 237 74206 79406 17202 19717 17394
7599 19
13673 85363 14510 6450 79840 84313 80113 94218 65680 87924 15740 25754 82086 44570 55343 15969 55396 15490 65522
7834 19
58700 63472 42104 34715 35584 43920 54148 15667 5965 51735 7810 60732 28688 19199 49481 66811 17644 46790 8043
1347 17
18145 72872 16671 75457 7094 40508 34578 91136 94280 81931 82341 36295 27208 5755 98140 82119 89330
4343 10
98181 6854 2801 51840 27144 14267 30423 98499 63682 7638
974 20
50584 81788 36841 18860 95871 2107 8501 18023 29246 52218 90806 59834 5647 34577 44538 75170 50200 59541 81697 52876
7637 19
97166 81221 72436 63042 14319 64449 55467 90300 63221 3599 44301 13345 8429 28763 57007 81661 11312 76630 48679
2373 20
92511 95985 99184 91996 57460 60194 5275 42763 81065 90410 29834 80114 79075 60599 80700 56102 90475 33766 12505 2562
6594 14
50315 54261 23659 31640 23273 87680 56405 86297 84968 83086 28837 78452 62447 67175
7037 20
48985 81267 53124 43135 83890 48839 56971 76844 53984 99397 43065 91291 65088 78772 47961 5450 12469 80734 30514 37019
875 18
22879 69768 16430 83367 45012 34973 58702 25801 76351 19725 66502 7369 1076 50280 23244 24063 18696 31777
607 17
19540 27386 51027 8687 23142 71566 78225 40585 7687 16270 77966 9855 93400 19286 12217 94328 60777
2759 20
39908 59588 22593 33693 20900 90412 43513 39207 18178 48522 10911 89978 49471 90172 76238 23359 23179 91442 32169 59994
6013 19
30868 17529 71700 61328 16065 49022 76634 17024 26446 32039 5349 45116 21371 87377 20248 57774 58394 35095 43721
7380 20
49526 86398 35840 90981 91080 86337 77412 87971 28082 82460 93267 2230 12342 38921 64757 31465 37914 60172 60646 20947
6851 20
7601 88250 6744 10565 53761 4614 88064 75447 29042 34749 67363 13616 20274 58695 75112 19728 13606 80767 89482 10621
8738 17
34438 20614 68221 1081 46844 42857 89237 2052 92795 33701 88550 485 69069 47390 10840 36519 41936
1670 20
93037 3093 23129 68278 68239 9793 63980 38845 51718 56610 2236 1764 16775 74694 7834 68138 71716 3253 76288 4625
8007 19
54352 6443 96427 40022 72541 11953 30831 69823 46666 81508 76165 72651 57778 29781 49812 3544 62831 3974 96336
8063 19
30541 40424 54650 6973 99401 40264 584 56526 83707 20005 67137 89491 29518 66482 41326 62555 91775 86727 43447
9852 20
49328 43414 65136 43624 14664 11346 24273 77919 71367 17676 46923 87708 42466 47385 43809 6912 2901 76378 52206 22245
185 20
23886 42303 51679 31531 18316 34603 20578 8286 54999 66884 23743 92716 8393 59268 22544 1773 23847 68514 1563 25879
1465 20
6159 81711 71796 74811 30721 29361 82355 50666 52286 96 33539 45149 78843 38758 10613 44199 90912 7543 19036 18009
2366 15
77114 65455 49331 1973 51078 60684 39807 1659 49368 15075 93864 78503 31925 6938 90125
1719 19
39707 86303 50773 24651 73115 75912 70136 45363 70370 68171 84316 37716 53247 18281 51267 48799 14994 82680 68106
264 20
73181 32309 59053 19188 58244 88161 99300 92154 51971 49444 43906 12083 22244 68055 99607 33829 25941 49927 26064 69178
4385 18
87882 64225 82820 15541 56812 65797 27385 1387 77536 93110 88383 50682 67599 79743 50818 80159 74939 75577
8696 20
35619 45104 44776 86267 17085 89554 3876 87902 38304 24855 77630 82092 78115 2284 82577 94634 66416 42488 5076 65791
3526 17
69986 11688 31730 23684 58112 4962 88159 55524 11525 98517 35922 74056 92743 76640 55256 41057 18404
2046 11
96894 2182 12494 66633 42330 61705 70810 14743 55057 54706 61720
4433 20
64294 46541 94976 51203 51197 53097 68362 10802 54230 12864 84020 27731 43036 23365 63561 29276 19352 38711 66206 66372
2798 19
62930 13972 5547 90997 55073 74714 25320 24639 58337 28463 39151 96876 7485 46101 79291 3363 51701 2298 36023
4707 13
51038 61388 66824 22690 19297 60478 95990 17278 26328 32447 43031 85339 52851
2050 19
91098 54561 63098 67661 38205 41604 22575 47813 57326 69260 41857 14901 26804 99519 50714 98129 20173 67012 14026
5485 18
85344 11452 37542 92665 9544 5576 97710 27780 62968 22607 80877 37989 28851 18833 16431 72241 44747 6395
9913 16
86317 73854 34662 54421 5896 74864 11524 96531 44924 36752 93744 27883 49953 79315 26746 6464
7389 18
88532 7893 19237 73191 77292 8061 57523 65733 24479 28797 96539 55750 43180 52922 6141 50251 18996 23459
2442 20
98604 84503 25730 48399 73543 99505 48981 58775 27609 31444 48214 4533 40660 16400 72868 16842 69852 62385 96549 9663
6702 19
32460 89309 25794 18442 19296 36390 25065 65657 45821 46273 22817 75983 76843 41999 8808 81785 93166 63639 50753
8531 20
36364 65222 18210 51681 98543 47191 81979 29678 64312 76901 52444 87376 36051 95539 179 1931 63130 30210 45256 31881
9277 19
1677 75269 26618 1404 17950 82049 76296 52765 24431 8730 95698 61344 85535 32901 69537 16941 98478 71851 4990
9269 20
86757 20210 9353 50815 26347 23676 93686 96352 76753 23128 37052 29253 59944 26592 19235 95977 17441 16975 57458 22497
9437 18
63959 29046 54626 79888 7993 26585 57399 15267 84345 22126 42750 9563 18572 78953 78864 61983 44727 9879
7325 15
35441 50295 51877 50765 15623 51100 64475 86616 30357 50907 78626 10541 45772 83174 46360
9238 19
36019 10327 33758 30030 14918 91757 34014 51149 28741 6466 21048 64807 63043 52287 31605 26691 54214 21907 40706
4040 20
82759 22430 11924 65694 21499 63898 45873 66779 96219 8867 52041 26095 98640 99214 67458 30424 14432 12231 34899 89659
1099 20
74087 3027 1075 4067 87950 9047 85532 36520 68919 45774 9996 74838 67660 89199 429 81056 31062 46920 36492 36238
3015 20
55366 59103 18432 34807 94206 34244 44696 84758 4840 45093 56574 10788 45619 12014 50932 62459 60802 61320 57506 32227
6207 19
70371 68841 73696 59040 46127 19723 83302 77622 94161 14763 82293 6564 38085 35010 34029 89193 90619 58376 20947
1586 18
99143 64819 81029 6839 72033 75129 30002 45853 9184 5425 37911 98168 70460 46358 59150 79629 91872 42446
6731 20
23942 27771 85691 79451 47566 18816 68330 12788 75800 69452 93050 91015 52706 47041 85659 46905 9527 54323 3019 94173
5174 16
67023 94207 88338 89281 99148 50512 67893 39935 55198 43569 25843 22545 15491 11234 87840 90616
3465 13
42777 27452 93292 32124 40282 65839 76757 41021 82230 32136 2792 32672 88976
7775 14
49803 10611 17638 12252 65314 84415 64631 92500 92727 92260 95467 90698 16062 75428
2028 18
78044 32231 55712 8471 3199 80948 78759 72342 56065 85262 5657 26692 5747 77285 31085 1 50008 95755
3445 20
66283 27253 4892 42696 33382 86625 85296 37423 51247 4035 64997 96884 81792 38675 34801 54121 21852 67596 44515 61680
5167 14
46379 34460 48851 91696 36994 72007 38237 93921 73438 62964 19003 81952 93693 53574
245 18
12185 19063 26545 49980 74282 42277 67961 9366 35988 85377 13505 21775 43905 33358 95513 21579 93787 82311
7533 19
22825 20309 49380 50358 12511 37097 32632 52756 46742 54296 52024 95154 70435 43745 69426 43403 61163 87845 45926
1977 19
58468 30722 86932 74523 26223 79439 89875 94900 49282 44362 35476 80164 58335 30488 64735 67078 53076 93365 43892
4006 20
20336 48413 16659 69553 14125 43253 27982 35677 51192 12746 66990 26469 95141 55852 29579 11214 73549 54398 94250 70040
3468 18
57966 76678 90099 12164 37840 41755 4055 51407 50882 24981 41808 44711 96138 10881 57213 64251 96985 31240
7390 20
32183 33598 14019 69405 61667 35471 35745 55874 6378 83525 18160 20872 54236 50256 5640 915 4670 93362 27509 12894
8317 17
82157 57395 59359 44934 84694 55462 21796 63626 44701 52107 43630 55447 48987 51053 23557 2789 87424
8366 17
92987 85671 28568 42380 10967 83581 90808 83744 42059 48329 53228 6347 69000 38146 65423 87384 57116
9242 19
49420 21470 74072 37102 78355 1941 54825 37862 89260 26479 52262 31590 10725 86748 42919 6430 33400 29313 3638
4751 20
57088 83790 59239 89530 79991 44506 61082 66529 17386 74636 63291 75845 83106 72919 17207 42928 71915 13108 26378 41838
7104 18
6640 86511 88759 92978 52594 14464 11303 87687 54403 2984 50761 80549 31313 13281 61556 72320 71194 26014
4337 19
90856 67208 7456 96643 13160 21166 68986 11477 66217 56114 49432 64022 49828 67132 1009 65236 32526 47954 13615
6217 19
85806 11473 26532 45158 67029 3693 76904 69296 23486 31558 94618 24966 13626 42311 21660 12635 35640 39143 48716
1055 15
89499 94770 44346 82915 74646 82162 48511 5300 57989 55998 28720 80197 19411 86678 19891
1236 20
85762 48669 70965 17094 48466 84241 47 64338 10906 38719 27413 74084 41630 47664 79905 72766 2636 93601 67494 83149
5121 12
73778 35894 87583 73338 50113 54993 54368 34109 45662 75182 53422 61370
9044 19
92329 45814 60530 92536 91227 23935 46683 49581 17491 70542 9389 79729 46489 18858 83553 78825 1450 4919 79585
8973 20
76599 52515 8089 94822 80592 18526 32010 72550 35726 20203 75414 54002 42555 6258 65888 82094 3804 16911 43139 103
9926 19
60582 88696 93284 90990 60362 71798 78372 83446 47992 61502 56215 85636 31119 84581 64989 28125 81947 96756 51440
4844 13
14200 15524 24410 53528 57653 72477 30271 33064 68542 92499 95477 84617 62163
2935 19
79361 13418 34906 75105 91478 37916 29005 89387 84668 37879 44126 89879 34047 94414 14544 7784 63695 68413 1992
3379 20
26928 59275 49574 24050 39822 42082 86589 12270 84328 28652 39501 27275 9205 79397 50098 55511 98941 46467 94541 82652
2744 17
76984 3770 80671 81872 86521 75924 74915 6212 77233 16091 65437 76142 70036 27767 7258 41856 99992
6218 16
28704 99660 71790 9772 18018 21458 11167 26004 97296 70536 66609 93996 36207 78879 52549 90010
7379 19
38833 43682 26967 46248 94394 72558 84904 71526 89009 48062 84463 53916 56832 17893 27041 74311 76988 65146 25986
9480 16
80537 74009 37602 42351 15794 54988 62468 24088 50598 89930 58791 12866 14023 7050 74313 7150
7356 19
55815 86203 60057 22450 33828 19397 64821 68976 79611 26562 39035 63317 65611 85225 75304 52921 79870 10786 94419
9618 19
98375 59376 62769 22615 69299 62320 89076 82354 44304 98974 33397 50619 25482 8646 9983 2458 4238 94777 84855
9985 19
5474 86708 18118 352 81477 35989 4521 95315 81469 46976 43277 39791 57997 13262 94829 27065 44342 31641 71651
5138 16
60787 52796 57020 8507 8238 79360 56052 2221 10533 39655 91315 58099 50843 20745 48386 96137
2493 20
33551 79579 4729 43399 39918 33432 63953 32355 74389 48818 42085 15829 40108 95617 35806 8519 57871 76814 83473 58246
8139 20
20698 57494 67726 30109 54522 68501 56432 99605 75548 98805 12427 8074 69867 93749 87734 10964 4255 15831 35907 56008
5724 19
83428 63547 24578 72830 21401 8025 43701 12844 3319 16663 13122 89956 53478 4331 91251 9003 93722 19536 64761
7741 20
9181 17677 90671 18161 47448 21046 20515 87028 33656 29353 91219 84681 36635 45832 16857 82609 41489 56165 41997 18092
4871 20
920 12492 79041 29616 52743 42134 10014 2030 11543 55914 58146 68337 17652 50357 83073 98377 18945 17164 66996 72701
8747 18
57801 91512 84470 88816 75445 77610 59038 95566 77217 91328 7932 15796 50798 93589 71553 12647 387 50868
2247 19
82702 68220 38308 22281 8131 30364 37130 84230 75941 51686 996 33832 36357 48484 52810 63658 81455 68102 12144
8065 20
95677 44910 44390 45731 79065 71799 44824 85811 77007 64707 4287 2140 62633 20829 85306 57453 82938 487 27680 7788
5731 11
93771 32915 8135 80820 41295 20255 67876 64788 90736 70772 86939
5721 17
79046 3185 66771 18431 69554 55208 59759 3224 14241 72202 61491 69753 8962 27523 7191 33613 52779
2140 19
68277 11014 61889 51199 34067 21656 49034 96257 32349 74569 92186 1216 48255 44281 16729 31007 99635 53975 33375
1284 17
91858 25926 9653 24449 47498 76152 23372 57915 73962 7946 41598 40470 47274 86714 4411 57491 10114
5103 20
49313 86281 66778 18893 13140 96270 87120 88565 82090 35942 39732 82602 70888 12604 15842 98825 85904 29080 73651 85604
134 17
64887 41101 74298 88870 95907 9886 19313 16075 28793 67647 61847 24980 47729 47633 45846 403 5737
3227 16
85530 74786 14935 91026 242 93980 54977 57700 25613 95505 97704 98135 60855 54427 5158 76380
8117 19
4576 54384 84635 82481 82206 86052 43528 45061 70570 85583 87340 25506 33954 77852 14959 25582 95339 42394 97180
7371 16
50743 29813 5145 57846 86480 43296 48999 68656 31253 31316 21001 36522 5835 82639 53762 39494
2058 13
32764 85397 9370 20315 58545 36073 80998 19708 37058 96608 89966 65925 51763
1161 11
41509 24904 17614 57095 31630 50715 45754 83258 35684 47289 6615
4959 19
66854 38669 8115 81043 90498 18060 63591 34997 69932 902 3267 84925 20512 33020 3639 49735 43890 4300 29723
1985 20
21711 53075 17474 61947 55034 21684 79703 44967 75766 36762 12654 85728 46771 50199 52897 15175 71188 21898 72046 77460
6897 19
56907 95402 83304 28038 71074 14860 10856 3932 87937 54263 6564 43423 14925 48793 75602 16476 73295 54084 37550
1949 20
24096 18968 82966 71256 98832 52845 2883 63589 5658 7767 96757 99572 99686 77607 75188 21318 29512 46254 41367 1416
3408 0

